290,685906806576 16,7650415845036 14,2322169094647 1237678597555028254 17,52924
307,412842146423 14,1470440550676 18,0769954926413 1237678620103344241 17,11907
334,40485984079 19,5597639505595 20,5173898596203 1237678620103671918 17,08625
330,133284683604 14,3822700993332 26,3212550742284 1237678776868601973 17,12791
315,52947211889 17,2331570383963 28,957990177738 1237678777942605894 17,2234
301,775757891816 14,6890486271295 13,3366699426392 1237678619029668114 17,36141
317,219192493891 14,6490190641267 21,5003457151552 1237678660351426674 17,17501
304,625756004582 15,5224589525492 22,3593438012345 1237678660888428731 17,14023
415,866263029014 6,77725712447635 19,646861936156 1237678597554045012 17,10213
383,493477573647 21,403303394868 19,2878630167234 1237678597555027980 17,21529
429,407117799624 7,06647635612895 23,825557396666 1237678598090915905 17,26945
392,050465671908 18,1981233402355 21,9492672955288 1237678598091636809 17,51611
437,655656946223 18,2159024039209 28,538350738677 1237678598628376728 17,45635
437,251083157376 18,4005911747651 28,5280988199376 1237678598628376744 17,23072
439,931709828965 18,9542397968923 28,3324232810882 1237678598628442276 17,37985
426,764476295831 6,14771048414963 34,5467979061179 1237678661424381991 15,22027
416,641707907145 6,32916298397637 33,5191415775298 1237678661424382056 18,78427
429,07900391399 6,2763944815209 34,8881952136914 1237678661424382205 18,16995
430,014698472097 6,32708037532059 35,3408693497515 1237678661424382212 17,86542
424,148820176658 6,24729749669791 34,2247398235314 1237678661424382217 17,4081
438,870630038935 6,8135294255091 35,6542218337578 1237678661424382255 18,5621
429,647687841054 6,86497099744557 34,7781029252804 1237678661424382274 18,01764
431,157999332787 10,4292257114936 34,6391767802872 1237678661424578749 17,36684
433,592846339719 10,5442978754929 34,9149913286152 1237678661424644215 17,22829
361,80582164052 14,4323502598528 32,897764608531 1237678661961842895 17,09503
395,703209563607 16,0227075046133 35,9744925003945 1237678661961908300 17,37255
387,406763836703 20,58587972505 26,7851071831075 1237678776331927691 17,24237
430,801755019437 6,52832108765873 34,2544566655748 1237678776867881054 17,43129
435,196971257754 6,79654593550896 34,3952006331663 1237678776867881066 17,16918
428,204181046419 6,92863830541464 33,9761445150153 1237678776867881115 17,77553
419,215814858695 7,17375386686969 32,7841854711692 1237678776867946607 17,1216
425,380711261462 7,91655635317242 33,8087387490872 1237678776867946644 17,62311
422,323551695584 9,41659772273346 33,6437603015719 1237678776868077663 17,45396
429,891011674959 11,7076880325445 33,271030776415 1237678776868208725 17,64536
410,314058455076 17,4859178754887 32,4310313670499 1237678776868536536 17,67468
415,141329276334 10,790498668167 35,066099844805 1237678777405014196 17,78662
430,9596775862 6,62733055792024 39,4932930182974 1237678777941622956 17,2719
377,96332803586 25,2675177490341 32,6006546194622 1237678622765875409 17,1986
425,973485373536 6,55256114898047 28,6927781160095 1237678660350640375 17,10382
423,272123437129 8,62152622323557 29,0392258475266 1237678660350771394 17,19176
436,850107094479 18,3670273751331 29,7041420658029 1237678660351295698 17,73442
422,350726557663 8,71488170788359 31,9693727299778 1237678660887642272 17,42735
389,182920822603 15,1353811644585 29,507915617353 1237678660888101005 17,42436
392,766728182725 23,6164318469141 28,7503254572214 1237678660888625262 17,21562
419,862691195382 11,1939756081817 21,4077916909974 1237678619566014769 20,06495
422,039025484043 6,49207111685188 24,5982696099481 1237678620102557783 17,32995
388,623831665481 15,0712246502062 23,7488030041909 1237678620103147788 17,32711
396,81870495179 16,2526369812001 23,5610313759509 1237678620103213242 17,55722
435,834142934409 9,71783075281338 20,314031783378 1237678619029012704 17,1543
390,816647895444 14,9659392158559 17,6939296611578 1237678619029405845 17,34389
471,314032890239 8,77723030752214 25,9642914984404 1237678598090915975 17,14499
466,222379475041 10,9320017211902 37,6042709026898 1237678661424578730 17,75005
452,071696984655 26,0938727279483 35,703268160625 1237678622228807762 17,12671
463,415235616901 19,5392137235157 25,6413254613034 1237678598091505850 17,58874
453,814697989895 23,62521975666 26,2913245897422 1237678598091768016 17,193
453,422276343389 19,9019670473479 35,5240590296383 1237678776868601981 17,19986
468,091200153522 10,5627286158113 39,3665590485911 1237678777404948576 17,14183
466,436178915298 10,5573367358034 39,0972548339158 1237678777404948580 17,44368
472,202767473438 13,4242840269521 43,6176781418698 1237678777941950581 18,14333
460,817857846283 20,9454720753141 26,9505267510553 1237678620103344194 17,27596
449,671277185128 15,1068922858863 20,0722160893137 1237678619029274664 17,36648
513,086676721272 9,6237634862163 23,699813365618 1237678619028947054 17,17251
471,039600402012 7,91637054713186 33,011789040735 1237678776331075695 17,3877
458,566119218665 18,361279771028 32,0595612086331 1237678776331665480 17,47586
448,752872321734 18,6654764767808 31,309219527084 1237678776331665603 17,6666
461,48396643951 23,0357316166735 32,7072449133088 1237678776331862170 17,90447
460,774581830518 19,5973896990801 31,1052016845467 1237678660351295728 17,34395
471,130744670094 8,4534472089198 35,3560492687203 1237678660887576759 17,15839
447,231940555165 18,1106613703039 38,5707437806572 1237678777405407383 17,07645
452,154172611658 19,7666566059097 30,5622620482267 1237678660351361167 16,87052
449,966594995015 14,2250311758471 33,2215804569879 1237678660887904427 17,535
