1237680310156394789
1237680310156394850
1237680310693527773
1237680311230201922
1237680311230267674
1237680311230333230
1237680478194172337
1237680478194303186
1237680478194303419
1237680478194303439
1237680478194303440
1237680478194303498
1237680478194303574
1237659936436781377
1237659936436781403
1237659888655335705
1237659888655335800
1237659888655335830
1237659889192141149
1237659889192141199
1237659889192599865
1237659936436846888
1237659936973717834
1237659936973848914
1237680478194303420
1237680478194303437
1237678806376251661
1237678806913122558
1237680477656908050
1237680477656908147
1237680477657366723
1237680478194237652
1237680478194237667
1237680478194302981
1237680478194303273
1237680478194303284
1237680478194303285
1237680478194303296
1237680478194303345
1237680478194303414
1237680478194303495
1237680478194303542
1237680478194368636
1237680478194368752
1237680478194368764
1237680478194368794
1237680478194368873
1237680478194368888
1237680478194368907
1237680478194368933
1237680478194368955
1237680479804457226
1237680479804457272
1237680479804457373
1237680477657694366
1237680477657694421
1237680477657694481
1237680478194499959
1237680478194696275
1237680478730649913
1237680478731173972
1237680478731174215
1237680479267586258
1237680479267586411
1237680479267848361
1237680479267848720
1237680479267979534
1237680479267979556
1237680479267979641
1237680479804719340
1237680479804719418
1237680502902686058
1237680310692938135
1237680311230136589
1237680311230267527
1237680311230267791
1237680311230267857
1237680311230333233
1237680311766811029
1237680310156525977
1237680310156591396
1237680310693593373
1237680310693658867
1237680311230202227
1237680311230202298
1237680311230529917
1237680311230661066
1237680311766941886
1237680311766941982
1237680311766942002
1237680311767269664
1237680312303681700
1237680312303681907
1237680312303681967
1237680312303944136
1237680507190116692
