1237680507189985574
1237680310156067070
1237680310156067095
1237680310692938193
1237680311230333230
1237680477120495938
1237680477656776977
1237680477656908133
1237680478194303186
1237680478194303498
1237659936436781377
1237659936436781403
1237659889192599865
1237659936436846888
1237659936973848914
1237680478194303420
1237680478194303437
1237680477657366723
1237680477657497864
1237680478194237652
1237680478194303285
1237680478194303345
1237680478194303414
1237680478194303495
1237680478194303542
1237680478194368636
1237680478194368752
1237680478194368764
1237680478194368873
1237680478194368888
1237680478194368933
1237680478194368955
1237680477657694366
1237680478731174215
1237680311230267857
1237680311230333233
1237680310156525977
1237680310156591396
1237680310693593373
1237680311230202298
1237680312303944136
