1237669516368609577
1237669516905480372
1237669516905939186
1237669516906135836
1237669516906266791
1237669680115744920
1237669516906201331
1237669516906201339
1237678662498189926
1237678778478559310
1237678778478559384
1237669681725964441
1237678663035060386
1237678663035060417
1237678663035060418
1237678663035256965
1237669517443006676
1237678663035256970
1237669679578022117
1237669679578022181
1237669680115220705
1237669680115221012
1237669680115286254
1237669516368543755
1237669516368937205
1237669516369133736
1237678778479476913
1237678779015692447
1237678779015823521
1237678779015954613
1237678663035519519
1237678663035650266
1237678663035846836
1237678663036043408
1237669679578546221
1237669679578480849
1237669516906070290
