1237680477656908050
1237680477656908147
1237680477657366723
1237680477657497864
1237680478194237652
1237680478194237667
1237680478194302981
1237680478194303273
1237680478194303284
1237680478194303285
1237680478194303296
1237680478194303345
1237680478194303414
1237680478194303495
1237680478194303542
1237680478194368636
1237680478194368752
1237680478194368764
1237680478194368794
1237680478194368873
1237680478194368888
1237680478194368907
1237680478194368933
1237680478194368955
1237680479268110801
1237680479804457226
1237680479804457272
1237680479804457373
1237680477657694366
1237680477657694421
1237680477657694481
1237680478194499959
1237680478194696275
1237680478194696650
1237680478730584287
1237680478730584488
1237680478730649913
1237680478731173972
1237680478731174215
1237680478731370838
1237680479267586258
1237680479267586411
1237680479267651822
1237680479267848361
1237680479267848720
1237680479267979534
1237680479267979556
1237680479267979603
1237680479267979641
1237680479268045052
1237680479804326258
1237680479804719340
1237680479804719418
1237680502902686058
1237680310155936019
1237680310155936125
1237680310692938135
1237680311230136589
1237680311230267527
1237680311230267791
1237680311230267857
1237680311230333233
1237680311230398784
1237680311766811029
1237680311767138624
1237680310156525977
1237680310156591396
