1237669516369723539
1237669516905480372
1237669516905873721
1237669516905939164
1237669516905939186
1237669516906135836
1237669517980205257
1237669679578218786
1237669680115679492
1237669680115744920
1237669680651763958
1237669680652353662
1237669516906004721
1237669516906201331
1237678662498189926
1237678662498713804
1237678778478952634
1237678779015823536
1237678663035060386
1237669516906594555
1237669517443006676
1237669517979091173
1237678779015889089
1237678779015954621
1237678663035256970
1237669679577956566
1237669679578022117
1237669679578022181
1237669680115221012
1237669680652484745
1237669681189486787
1237678778479149178
1237669516368543755
1237669516368937205
1237669516369068376
1237669681188897076
1237669681188896966
1237678778479476913
1237678779015692447
1237669680115089475
1237669680115024059
1237669680114958563
1237669679578415277
1237669679578350110
1237669517442679021
1237678663035584713
1237678663035650266
1237669517979550340
1237669517979550003
1237669517443203282
1237669516906070357
1237669516906070335
