0:
1237680507189985574   1.08059639268   33.79616104   0.08974031   17.68732
1237680507727118662   1.73862705658   34.2560621609   0.09858274   17.86609
1237680310156067070   1.59452516663   31.8059005801   0.08685427   17.16547
1237680310156067095   1.60810356324   31.7404460308   0.08475541   17.99533
1237680310156394789   2.52075275718   31.6668360879   0.09912381   17.4105
1237680310156394850   2.57377983007   31.7602091492   0.09879546   17.56452
1237680310692938193   1.69477581614   32.0895856746   0.0930578   17.35716
1237680310693527773   3.11742900817   32.2700727052   0.09997919   17.76147
1237680311230201922   2.63940036927   32.5312792754   0.09815966   19.94284
1237680311230267674   2.77161583993   32.5103321077   0.09836105   16.04845
1237680311230333230   2.92769851201   32.5524188423   0.09581215   17.93212
1237680311766745414   1.67129216512   33.0863015332   0.08160337   17.1084
1237680477120495938   2.78275660455   31.6350397511   0.08362461   17.14716
1237680477656776977   1.07710350091   31.8769601094   0.08722444   17.26287
1237680477656908133   1.54560216435   31.8386427876   0.08367901   17.64776
1237680478194172337   2.55377096491   32.4712954905   0.09922246   17.17756
1237680478194303186   2.93550036438   32.3955084947   0.09649204   18.79507
1237680478194303419   2.91099598164   32.4744319175   0.09935223   17.93029
1237680478194303439   2.9368064232   32.4139965737   0.09809435   17.99187
1237680478194303440   2.9428465105   32.4316005332   0.09831294   18.09569
1237680478194303498   2.92381812224   32.4516062881   0.09744871   18.29075
1237680478194303574   2.97385791647   32.3578776667   0.09892162   17.36651
1237680478194368885   3.08367644133   32.4614991181   0.08174241   17.84873
1237680479804260795   1.1073778637   33.6577928568   0.08125934   17.75985
24
2.29486672439435 32.3967560390796 0.0927876593987328

1:
1237659936436781377   2.85858467918   33.7232098712   0.101743   17.94794
1237659936436781403   2.86364188106   33.7450952788   0.1013211   17.42774
1237659888655335705   2.57501300408   32.970867483   0.1102656   17.85773
1237659888655335800   2.56159109709   33.0418731967   0.1104211   17.58021
1237659888655335830   2.73777565685   32.9696465625   0.1122991   17.40897
1237659889192141149   2.07151033102   33.1141824314   0.1056063   17.93701
1237659889192141199   2.13067401678   33.1307888683   0.1115643   18.13122
1237659889192599865   2.8479215886   33.9965139444   0.1046907   17.36386
1237659889729405393   2.40373214104   34.119772284   0.1235176   18.48181
9
2.61865646754682 33.4137518290901 0.108027111206552

2:
1237659936436846888   2.86945854737   33.8746626052   0.1013387   17.36725
1237659936973717834   2.49167231135   34.0781058198   0.1134941   17.74606
1237659936973848914   2.79998373238   34.2939084759   0.1030057   18.01177
1237659936973914555   3.00798436922   34.4414603912   0.1003497   17.43565
1237680478194303420   2.91147576853   32.478284154   0.1048104   18.28953
1237680478194303437   2.93861144502   32.4156591521   0.1021693   16.44308
1237678806376251661   1.27288475117   34.0744401716   0.112625   17.75228
1237678806913122558   1.23273665282   34.4393334729   0.1134338   17.35371
8
2.50855624438408 33.5627649983903 0.105525907442362

3:
1237678806913188057   1.42714517072   34.361147373   0.1361685   18.02348
1
1.42714517072 34.361147373 0.1361685

4:
1237680477656908050   1.45439103963   31.9675598267   0.1076312   17.54841
1237680477656908147   1.55009448667   31.902772829   0.1077026   17.76112
1237680477657366723   2.65470907135   31.903230973   0.1009727   17.64873
1237680477657497864   3.08936266687   31.9616045565   0.1033908   17.89318
1237680478194237652   2.77494609171   32.3749046715   0.1010643   17.35727
1237680478194237667   2.79061941723   32.4392293559   0.1065111   17.26221
1237680478194302981   2.79964185794   32.3086787675   0.1073982   18.29021
1237680478194303273   2.8247064625   32.3131053553   0.106236   18.78011
1237680478194303284   2.8306384575   32.2871774713   0.1071421   17.4766
1237680478194303285   2.83230483928   32.2858413963   0.1055531   18.44153
1237680478194303296   2.83601963079   32.4316516676   0.1073487   18.21575
1237680478194303345   2.86591856043   32.3565003859   0.1055568   18.86257
1237680478194303414   2.91036860499   32.4338976109   0.1057967   18.14664
1237680478194303495   2.92331842528   32.4448331569   0.1038468   17.59956
1237680478194303542   2.95422157114   32.3795888836   0.1018705   17.97862
1237680478194368636   3.06905063673   32.2942149162   0.1052398   18.34455
1237680478194368752   2.97980866984   32.4506187295   0.1028496   17.9551
1237680478194368764   2.99569202851   32.3795550273   0.1011716   18.52993
1237680478194368794   3.02768415094   32.304337146   0.1064155   18.03144
1237680478194368873   3.07978673936   32.3815833153   0.1057513   18.34115
1237680478194368888   3.09069324779   32.3103377125   0.1023509   17.96605
1237680478194368907   3.10593657996   32.3851387445   0.1074684   17.76915
1237680478194368933   3.12136831186   32.3693774367   0.1027921   17.56745
1237680478194368955   3.13354044204   32.4243453407   0.1015552   18.60171
1237680479268110801   3.12182380144   33.2881934863   0.1156051   18.56484
1237680479804457226   1.51633079266   33.6606987097   0.1137036   17.41298
1237680479804457272   1.54347347224   33.6290522947   0.1137858   17.33144
1237680479804457373   1.6083294351   33.6989213123   0.1136969   17.92889
1237680477657694366   3.67083794917   32.0087178714   0.1022542   17.36829
1237680477657694421   3.52350848798   31.9581689986   0.1103836   17.50615
1237680477657694481   3.56536357241   31.9250302933   0.1097714   17.25784
1237680478194499959   3.48455552339   32.4407710384   0.1107078   18.00126
1237680478194696275   3.91495399584   32.4793587464   0.1099944   17.40088
1237680478194696650   4.00033487918   32.3417526843   0.1161484   17.03385
1237680478730584287   1.19332941867   32.6580673662   0.114033   17.53263
1237680478730584488   1.35821608739   32.6597617462   0.1141399   18.11733
1237680478730649913   1.50598059414   32.8636836863   0.1116087   18.31895
1237680478731173972   2.87003781092   32.862153935   0.1032668   17.2596
1237680478731174215   2.86792864001   32.7659755724   0.1059842   17.79662
39
2.77789953564616 32.4711649998997 0.107491265455025

5:
1237680478731370838   3.34495649706   32.877855659   0.1288091   18.11951
1237680479267586258   1.54843769526   33.1019171826   0.1129063   18.04732
1237680479267586411   1.67286820888   33.1057709401   0.1127109   17.12943
1237680479267651822   1.7074747785   33.1471294151   0.1150547   17.83076
1237680479267848361   2.38403819261   33.1304621691   0.110043   17.43828
1237680479267848720   2.39134993872   33.2033611778   0.112018   17.78174
1237680479267979534   2.66956313741   33.2302563265   0.1105834   17.13628
1237680479267979556   2.68428120972   33.2351882292   0.110187   17.48279
1237680479267979603   2.73646270829   33.1178209882   0.1157455   18.20775
1237680479267979641   2.77433675812   33.2605467591   0.10289   17.52576
1237680479268045052   2.83224918076   33.1486873348   0.1143714   17.45263
1237680479804326258   1.30909036487   33.6413030647   0.1008968   17.69863
1237680479804719340   2.35048616263   33.688829709   0.1129831   17.62494
1237680479804719418   2.2299552884   33.7135216272   0.1119796   17.40378
1237680502902686058   1.20254852378   34.0280915518   0.1128552   17.92152
1237680310155936019   1.22370580497   31.6851552235   0.1157334   18.26747
1237680310155936125   1.29062361599   31.6249108615   0.1140207   17.39921
1237680310692938135   1.63603803426   32.2027105676   0.1077224   17.54
1237680311230136589   2.55985407368   32.650211684   0.1027602   17.31147
1237680311230267527   2.83566352199   32.5689308594   0.1093246   17.71006
1237680311230267791   2.84719312112   32.4897719542   0.1073931   18.60085
1237680311230267857   2.89369563688   32.5016656829   0.101896   18.13735
1237680311230333233   2.92960782213   32.4883991687   0.1034415   18.32387
1237680311230398784   3.20633849225   32.5425407538   0.1141012   17.39402
1237680311766811029   1.96245460608   32.9436089924   0.1109797   18.44591
1237680311767138624   2.7516561327   33.0885829635   0.1144966   17.8747
1237680310156525977   2.9284741165   31.8022393554   0.1018628   17.33681
1237680310156591396   3.08391207103   31.7413882916   0.102029   17.66108
28
2.35920119240867 32.8681083629911 0.110061705598575

6:
1237680310693593270   3.41959168497   32.1919866062   0.1268988   18.21802
1
3.41959168497 32.1919866062 0.1268988

7:
1237680310693593373   3.32883224107   32.1473761335   0.1019941   17.69395
1237680310693658867   3.48900804919   32.1235532618   0.1102068   17.77933
1237680311230202227   2.61245546351   32.6436436917   0.1030936   17.37712
1237680311230202298   2.66718623722   32.5861650627   0.1021371   18.01765
1237680311230529917   3.51184532068   32.6367245433   0.1102438   17.16371
1237680311230661066   3.92121958071   32.5350825326   0.1079921   17.58667
1237680311766941886   2.34876743343   32.9875747962   0.1108596   17.92923
1237680311766941982   2.26265777671   33.0695550881   0.1107527   17.88671
1237680311766942002   2.27174626888   33.0707965443   0.1111834   17.36276
1237680311766942146   2.36160102273   32.9523351163   0.1186662   18.34608
1237680311767269664   3.14214411088   33.0409576717   0.1106918   18.24972
1237680312303681700   1.94794377309   33.4438431723   0.1081084   17.88089
1237680312303681907   1.89615972749   33.4552001088   0.1053846   17.60071
1237680312303681967   1.9060162263   33.4025920484   0.1052379   17.77232
1237680312303944136   2.69676141768   33.3826860346   0.105151   17.29406
1237680507190116692   1.51844504441   33.718404044   0.113333   17.89601
1237680507727380524   2.46087331655   34.1560452285   0.1227953   18.46364
17
2.66282791881169 32.9729424279066 0.108448938832024

