0:
1237669516368609577   1.2102198772   6.36555359178   0.2334474   19.19449
1237669516369658102   3.58869968847   6.39880589245   0.2333628   19.87402
1237669680115155147   2.39107831866   6.87909548072   0.238784   18.95014
1237678778478559310   1.08031002424   5.6507221882   0.2362619   22.07136
1237678663035060417   1.02774817825   6.01660447874   0.2223572   20.01813
1237678662499172414   3.21305110497   5.54222780528   0.233201   20.53519
1237678623839617123   3.81454981252   5.7451335903   0.2361559   19.07985
1237669516369265004   2.63072277156   6.30504553512   0.2656726   21.06307
1237678779015823521   1.84895389771   6.11253038076   0.2629987   19.73338
1237669516906266771   2.93983984524   6.68742646404   0.2623464   19.69317
1237669517442613466   1.80235784903   7.2748241504   0.2514339   19.9835
1237669516906070285   2.46225913334   6.80331728138   0.253353   19.74041
12
2.44186843380528 6.40160605965368 0.24275184527831

1:
1237669516369723539   3.65941494832   6.34725826055   0.2347309   18.05024
1237669516906135836   2.74255719827   6.83255150424   0.2391214   19.58252
1237669517980205257   3.45085585158   7.67792596949   0.235779   20.00819
1237669679578218786   2.15120424066   6.55428091596   0.236728   19.48816
1237669680115744920   3.66609614434   6.98994818983   0.2431714   19.24841
1237669680652353662   3.04736470505   7.29987247566   0.2353101   20.41064
1237669516906004721   2.3209677975   6.79407973173   0.2377979   18.68461
1237669516906201331   2.77592924298   6.77713903092   0.2398365   19.34926
1237678662498189926   1.06105387417   5.56243369944   0.2430748   21.67699
1237678778478952634   1.96710810031   5.63089112466   0.2376191   19.40016
1237678663035060386   1.04738644736   5.98576226376   0.2351671   19.04171
1237669516906594555   3.72708903257   6.8074390897   0.2360851   19.5962
1237669517443006676   2.72503036659   7.14049971723   0.2386843   19.84484
1237669517979091173   0.882258153884   7.56304237693   0.236789   19.78709
1237678779015889089   2.02962402164   6.06740196141   0.2391519   19.95383
1237678779015954621   2.16563339513   6.09925837746   0.2376981   19.73288
1237678663035256970   1.43545472429   5.87885301337   0.2391607   19.55501
1237669680652484745   3.37177446809   7.47735231649   0.2365533   19.96335
1237669681189486787   3.63460890069   7.86724118296   0.2374847   19.70975
1237678778479149178   2.41524710622   5.65263584776   0.2378226   19.27476
1237669516368937205   1.97322256669   6.36349769971   0.2671085   19.50282
1237669681188896966   2.33844977327   7.84327620546   0.2553289   19.64512
1237669680114958563   1.94502226801   7.0237037695   0.2519256   19.8028
1237669679578415277   2.64977201698   6.51634612313   0.2651964   19.87899
1237669679578350110   2.5353763755   6.4659396334   0.2585146   21.14197
1237669517442679021   1.90552151175   7.10533015201   0.2507644   19.47564
1237678663035650266   2.41859824826   6.03216790641   0.2624448   20.11206
1237669517443203282   3.10904775198   7.2277619807   0.273334   20.16018
28
2.57628452434889 6.64052618127579 0.242079627920572

2:
1237669516369723669   3.6749134129   6.3409588089   0.2371412   18.90425
1237669679578087638   1.8376663549   6.48420990674   0.2390909   19.23545
1237669679578022219   1.79673464193   6.53369390851   0.2408096   19.71311
1237669679578808510   3.521557335   6.45775284339   0.2373079   19.58923
1237669681189486808   3.7055807629   7.71338676031   0.2376885   20.09248
5
2.92225515315782 6.57438394284426 0.238261985018576

3:
1237669516905480372   1.17611157029   6.79862700838   0.2447957   19.2279
1237669516905873721   2.13298568072   6.71585974679   0.2382714   19.72285
1237669516905939164   2.2567554387   6.7918943979   0.2379444   19.93062
1237669516905939186   2.28479176444   6.79036231162   0.2343241   19.45621
1237669680115679492   3.56111103309   6.87760398337   0.2335407   18.9928
1237669680651763958   1.75253768092   7.38214481931   0.2379183   18.94676
1237678662498713804   2.24924734252   5.5976574273   0.2381594   19.51517
1237678779015823536   1.95294189087   6.10878442762   0.2377296   19.77078
1237669679577956566   1.62861193416   6.55039293213   0.238158   19.17436
1237669679578022117   1.73252982334   6.58565443174   0.2449611   19.65963
1237669679578022181   1.7231971337   6.57411037995   0.2449922   19.33125
1237669680115221012   2.52240558899   7.01620157756   0.2362903   21.19737
1237669516368543755   0.971368710787   6.27906315405   0.2647079   21.05464
1237669516369068376   2.21189560633   6.31635321627   0.2601282   18.8744
1237669681188897076   2.28080265464   7.80597271503   0.2556086   20.73178
1237678778479476913   3.04416444893   5.67237362766   0.2632347   19.70279
1237678779015692447   1.61337981964   6.06867667666   0.2638087   19.24299
1237669680115089475   2.15424447901   7.04660140403   0.2633931   20.09715
1237669680115024059   2.0438239492   6.9871105948   0.2526472   20.1634
1237678663035584713   2.2733171468   5.97388894983   0.2604996   19.50027
1237669517979550340   1.90563654469   7.55260156858   0.2522597   21.83595
1237669517979550003   1.97561170309   7.64185917276   0.2543797   19.72779
1237669516906070357   2.57999533725   6.67200610965   0.2634662   20.3796
1237669516906070335   2.56391387288   6.67915240851   0.2647866   19.18969
24
2.13014144597624 6.61504730865133 0.248322776648354

4:
1237669516906266791   3.01502524156   6.84012077214   0.2414518   19.44602
1237669680115023967   2.00113056446   7.04176305613   0.2389465   19.92495
1237669516906201339   2.79198528183   6.81131720435   0.2401614   19.55836
1237678663035060418   1.03050359936   5.97163904719   0.2437669   19.30353
1237678663035256965   1.42333329841   6.02146533614   0.236536   19.95556
1237678663036305648   3.81173128505   5.84295309612   0.2341788   19.57656
1237678623839551670   3.69331732437   5.83055776995   0.2386657   19.26782
1237678778479149176   2.40459481687   5.6521458744   0.2363136   19.25787
1237669516369068562   2.15996329537   6.23542728388   0.2578282   20.90124
1237669516369264750   2.61617472536   6.3673482591   0.2633066   18.56587
1237669516369264901   2.72621155434   6.4268382587   0.2629434   19.99867
1237678778479149148   2.33716720846   5.82721895683   0.256606   20.09428
1237678779015954613   2.15141686608   6.18046676929   0.2623205   19.05019
1237678779015954633   2.20350329489   6.22391044393   0.2606559   19.67944
1237678779016020172   2.37994122101   6.06673101543   0.2642753   19.82102
1237678779016020456   2.35864538735   6.17159789973   0.2636237   21.45318
1237669680115155174   2.41450309978   6.95901891596   0.2612348   20.29683
1237669679578349778   2.57239360493   6.64202788816   0.2661589   18.66189
1237669517443006643   2.6160835272   7.15027386165   0.2627562   20.12075
1237678663035846836   2.75447610046   5.91786660172   0.2622738   19.5148
1237678663036043408   3.26039782978   5.90853036524   0.2652195   20.05949
1237678663035715799   2.55438643695   5.91982450781   0.2608363   19.31842
1237669516906070290   2.47085736486   6.7104188347   0.2699331   20.09333
23
2.54000449839211 6.27141897425204 0.254221483149238

5:
1237669517980205376   3.35301923577   7.64053479303   0.2373555   21.37555
1237669680651698324   1.57989756835   7.36914778123   0.2381145   19.84701
1237669681725964441   2.76575658323   8.25177492344   0.2451659   19.48833
1237678662498582749   1.94755044818   5.5289643989   0.237407   19.4028
1237669517980270708   3.59868157943   7.60797105939   0.2362901   20.07083
1237669680115286254   2.64771677741   7.06844665849   0.2390482   20.27344
1237669681188896982   2.3910730413   7.7620431185   0.2634094   19.62774
1237669679578349757   2.53160184445   6.56455707187   0.265553   20.22048
1237669518516617494   2.39708491869   8.04476389489   0.2642351   20.39477
1237678663035519519   2.09112941473   5.90619185699   0.265604   21.85064
1237678663035715645   2.52982962862   5.92968815037   0.2607911   22.58907
1237678663035715805   2.57100427819   5.89348198727   0.2597241   19.62111
1237669679578480868   2.87038673504   6.4558735013   0.2622047   20.11887
1237669679578480849   2.80938568019   6.60010382144   0.2670498   19.64735
1237669518516355205   1.79553475455   7.91647590684   0.2622757   20.28583
1237669517443203297   3.19046638999   7.22636318314   0.27561   21.7846
16
2.49827030163895 6.99785820526894 0.252779021841235

6:
1237669680652353718   3.11478657507   7.47262903625   0.2376758   20.92587
1237678662498713748   2.23200310828   5.58268823427   0.2390437   19.71514
1237669516369199319   2.47042122795   6.40360551193   0.2640367   19.97392
1237669516369330475   2.83015604871   6.33229736156   0.2626562   19.94436
1237669680652615794   3.76477386854   7.33930048144   0.2755597   19.51123
5
2.91230241887002 6.54901959007409 0.258990782090988

7:
1237669516905742624   1.80427378585   6.8000087183   0.2396289   19.27972
1237678778478559384   1.06261586665   5.80068331474   0.2351139   19.55785
1237669680115220705   2.54033702256   7.05559153872   0.2373487   19.46165
3
1.82276911712755 6.58726271804472 0.23755881159773

8:
1237669681189421237   3.60209725611   7.77541892042   0.2362029   20.33694
1237669516369133736   2.35212188239   6.23326288318   0.2677057   19.69884
1237669516369330445   2.77460851412   6.42426151641   0.2643222   19.92865
1237669679578284150   2.35317168517   6.4621524714   0.2574101   19.37605
4
2.63176962833936 6.58882663050924 0.258516650948874

9:
1237669516369330468   2.81704577197   6.39860352676   0.2617894   19.15743
1237669680652288176   3.0014096548   7.40603873777   0.274774   22.11003
1237669517979811959   2.57303685441   7.49559736354   0.2642963   22.96422
1237669679578546221   2.98746050777   6.59638503151   0.2657705   18.76746
4
2.91549547731636 6.54993471992831 0.264412978724335

