1237669516368609577
1237669516369658102
1237669516369723539
1237669516369723669
1237669516905873721
1237669516905939164
1237669516905939186
1237669516906135836
1237669516906266791
1237669517980205257
1237669517980205376
1237669679578087638
1237669679578218786
1237669680115023967
1237669680115155147
1237669680115679492
1237669680651698324
1237669680651763958
1237669680652353662
1237669680652353718
1237669516905742624
1237669516906004721
1237669516906201331
1237669516906201339
1237678662498713748
1237678662498713804
1237678778478952634
1237678779015823536
1237678662498582749
1237678663035256965
1237669516906594555
1237669517443006676
1237669517980270708
1237678779015889089
1237678779015954621
1237678663035256970
1237669679577956566
1237669679578022219
1237669679578808510
1237669680115220705
1237669680115221012
1237669680115286254
1237669680652484745
1237669681189421237
1237669681189486787
1237669681189486808
1237678778479149176
1237678778479149178
1237669516368937205
1237669516369068376
1237669516369068562
1237669516369133736
1237669516369199319
1237669516369264750
1237669516369264901
1237669516369265004
1237669516369330445
1237669516369330468
1237669516369330475
1237678778479149148
1237678779015823521
1237678779015954613
1237678779015954633
1237678779016020172
1237678779016020456
1237669680115155174
1237669680115089475
1237669680115024059
1237669680114958563
1237669679578415277
1237669679578350110
1237669679578349778
1237669679578349757
1237669517443006643
1237669517442679021
1237678663035519519
1237678663035584713
1237678663035650266
1237678663035846836
1237678663035715645
1237678663035715799
1237678663035715805
1237669516906266771
1237669679578546221
1237669679578480868
1237669679578480849
1237669679578284150
1237669517979550340
1237669517442613466
1237669516906070357
1237669516906070335
