1237669516368609577
1237669516369658102
1237669516369723539
1237669516369723669
1237669516905480372
1237669516905873721
1237669516905939164
1237669516905939186
1237669516906135836
1237669516906266791
1237669517980205257
1237669517980205376
1237669679578087638
1237669679578218786
1237669680115023967
1237669680115155147
1237669680115679492
1237669680115744920
1237669680651698324
1237669680651763958
1237669680652353662
1237669680652353718
1237669516905742624
1237669516906004721
1237669516906201331
1237669516906201339
1237678662498189926
1237678662498713748
1237678662498713804
1237678778478559310
1237678778478559384
1237678778478952634
1237678779015823536
1237669681725964441
1237669516368543755
1237669516368937205
1237669516369068376
1237669516369068562
1237669516369133736
1237669516369199319
1237669516369264750
1237669516369264901
1237669516369265004
1237669516369330445
1237669516369330468
1237669516369330475
1237669681188897076
1237669681188896982
1237669681188896966
1237678778479149148
1237678778479476913
1237678779015692447
1237678779015823521
1237678779015954613
1237678779015954633
1237678779016020172
1237678779016020456
1237669680652288176
1237669680115155174
1237669680115089475
1237669680115024059
1237669680114958563
1237669679578415277
1237669679578350110
1237669679578349778
1237669679578349757
1237669518516617494
1237669517979811959
1237669517443006643
1237669517442679021
