1237669516905480372
1237669516905873721
1237669516905939164
1237669516906135836
1237669516906266791
1237669679578087638
1237669680115023967
1237669680115155147
1237669680115744920
1237669516905742624
1237669516906004721
1237669516906201331
1237669516906201339
1237678662498189926
1237678662498713748
1237678662498713804
1237678778478559310
1237678778478559384
1237678778478952634
1237678779015823536
1237678662498582749
1237678663035060386
1237678663035060418
1237678663035256965
1237669517443006676
1237678779015889089
1237678779015954621
1237678663035256970
1237669679577956566
1237669679578022117
1237669679578022181
1237669679578022219
1237669680115220705
1237669680115221012
1237669680115286254
1237678778479149176
1237678778479149178
1237669516368543755
1237669516368937205
1237669516369133736
1237669516369199319
1237669516369264750
1237669516369264901
1237669516369265004
1237669516369330445
1237669516369330468
1237669516369330475
1237678778479476913
1237678779015692447
1237678779015823521
1237678779015954613
1237678779016020172
1237678779016020456
1237669679578415277
1237669679578349778
1237669679578349757
1237678663035519519
1237678663035650266
1237678663035846836
1237678663036043408
1237669516906266771
1237669679578546221
1237669679578480868
1237669679578480849
1237669516906070357
1237669516906070335
1237669516906070290
