334,212844946902 6,30398999452597 223,743363114743 1237680507189985574 17,68732
365,056477232877 11,0809549392173 248,729149722469 1237680507727118662 17,86609
330,719470962024 9,2062051817312 205,181365703067 1237680310156067070 17,16547
322,953829311398 9,06662969194996 199,854138759634 1237680310156067095 17,99533
377,786362605263 16,6316075399546 233,249342312138 1237680310156394789 17,4105
376,14045612185 16,9079542766324 233,090610326649 1237680310156394850 17,56452
353,230845334353 10,4514111549773 221,588763793545 1237680310692938193 17,35716
378,356735034982 20,6065014788415 239,264753121978 1237680310693527773 17,76147
370,553193596023 17,0820724115338 236,603920329999 1237680311230201922 19,94284
371,359506811729 17,9781039521294 236,953439426315 1237680311230267674 16,04845
361,517734487815 18,4889197847101 231,07905903416 1237680311230333230 17,93212
306,330065644871 8,93804564656246 199,674653567608 1237680311766745414 17,1084
318,756451196265 15,4936322392625 196,600929316528 1237680477120495938 17,14716
331,943169594371 6,24093567170777 206,467756746416 1237680477656776977 17,26287
318,523350349929 8,59452190254108 197,862368753014 1237680477656908133 17,64776
374,840588312635 16,7183592009542 238,773006838115 1237680478194172337 17,17756
364,715673722808 18,7022632340631 231,719559582437 1237680478194303186 18,79507
375,206093920957 19,0793143340112 239,105856745131 1237680478194303419 17,93029
370,695637695524 19,0173821875703 235,687191019856 1237680478194303439 17,99187
371,447174100032 19,095198429298 236,326675974541 1237680478194303440 18,09569
368,106487268283 18,8008897120869 234,377934244536 1237680478194303498 18,29075
374,041686702272 19,4315672112294 237,308099133644 1237680478194303574 17,36651
308,697804458372 16,6302709197 196,6554414147 1237680478194368885 17,84873
303,113424583934 5,85912087853673 201,86678164809 1237680479804260795 17,75985
378,83162103312 18,9162570657663 253,186108855318 1237659936436781377 17,94794
377,162830857896 18,8663024727301 252,280480615266 1237659936436781403 17,42774
414,225139427122 18,6288387887783 268,973203782172 1237659888655335705 17,85773
414,479862348844 18,5430044318981 269,866897149036 1237659888655335800 17,58021
421,814443795398 20,170997715562 273,92456453457 1237659888655335830 17,40897
396,218244405137 14,3313871778214 258,600198772054 1237659889192141149 17,93701
418,47672430233 15,5691873189679 273,311054568583 1237659889192141199 18,13122
388,565156167186 19,3297892069589 262,380168806131 1237659889192599865 17,36386
457,938802336463 19,2232042879607 310,551658062158 1237659889729405393 18,48181
376,655579555345 18,8792628709565 253,177779015984 1237659936436846888 17,36725
420,956493318683 18,318057008089 285,043932429737 1237659936973717834 17,74606
380,983454043167 18,6330910781377 260,140510906929 1237659936973848914 18,01177
370,438470269179 19,4656216587219 254,388929362195 1237659936973914555 17,43565
395,801897791917 20,1299385585582 252,268397662796 1237680478194303420 18,28953
386,087014683308 19,8191838764437 245,489121033391 1237680478194303437 16,44308
418,043179440851 9,28878799346946 282,834409541149 1237678806376251661 17,75228
419,229449456334 9,02124503954848 287,541875057868 1237678806913122558 17,35371
503,683283180505 12,5485309500416 344,484551573774 1237678806913188057 18,02348
409,140731205586 10,3878236230658 255,419800837042 1237680477656908050 17,54841
409,682850753188 11,0863682497423 255,125986506533 1237680477656908147 17,76112
383,809770377384 17,7959534993323 239,187267455111 1237680477657366723 17,64873
392,602362320534 21,1894816672428 245,316034921582 1237680477657497864 17,89318
382,138207813889 18,5221814650967 242,5619898553 1237680478194237652 17,35727
402,441054298833 19,6166056871697 256,087232468982 1237680478194237667 17,26221
406,376357178145 19,8725734261041 257,293727011421 1237680478194302981 18,29021
401,950513658152 19,8324027965023 254,54053863771 1237680478194303273 18,78011
405,492712015183 20,0492605452097 256,52785214544 1237680478194303284 17,4766
399,484253564405 19,7638241170652 252,714019333168 1237680478194303285 18,44153
405,624134842134 20,0939478434037 258,047384958648 1237680478194303296 18,21575
399,175013025675 19,9832890323778 253,215962136638 1237680478194303345 18,86257
399,723809981338 20,3216575084321 254,332339306739 1237680478194303414 18,14664
392,30453662236 20,0333649282161 249,71981152147 1237680478194303495 17,59956
385,106296161894 19,8740396302661 244,528458089008 1237680478194303542 17,97862
398,176918320024 21,3487839467673 252,02219810777 1237680478194368636 18,34455
388,492697376467 20,2227591984638 247,36113364582 1237680478194368752 17,9551
382,449965569568 20,0145187584745 242,850602451786 1237680478194368764 18,52993
402,595719145697 21,2942128566882 254,908925069577 1237680478194368794 18,03144
399,722086902156 21,5067463430648 253,857808007722 1237680478194368873 18,34115
387,169949852194 20,9053016925113 245,213143586461 1237680478194368888 17,96605
406,186432131344 22,040480642959 258,004979032602 1237680478194368907 17,76915
388,5740159131 21,1897621242311 246,671301301599 1237680478194368933 17,56745
383,660209870639 21,0035514388134 244,071835006843 1237680478194368955 18,60171
432,511256932355 23,5892013153718 284,4012816079 1237680479268110801 18,56484
424,053295351083 11,2251763750692 282,487256804398 1237680479804457226 17,41298
424,510506765686 11,4385257323007 282,456962303126 1237680479804457272 17,33144
423,821279231295 11,9000620503562 282,75352105576 1237680479804457373 17,92889
387,854493704185 24,8831982128937 242,938880304588 1237680477657694366 17,36829
418,988108481364 25,7989690005382 261,882727337121 1237680477657694421 17,50615
416,795766062051 25,9696179446482 260,188805857964 1237680477657694481 17,25784
418,013077029706 25,453677057948 266,188729104974 1237680478194499959 18,00126
414,939919432203 28,3965689197146 264,753579945363 1237680478194696275 17,40088
438,778461761649 30,684956069452 278,510518988155 1237680478194696650 17,03385
430,229662848815 8,96191598686383 275,817922212749 1237680478730584287 17,53263
430,597220495566 10,2093671016243 276,089224693387 1237680478730584488 18,11733
420,057850576712 11,0434781984496 271,463853391358 1237680478730649913 18,31895
388,315043776606 19,4676107542652 251,163617949639 1237680478731173972 17,2596
398,965643115765 19,9868394837988 257,102635768535 1237680478731174215 17,79662
484,058334504155 28,2917190051075 313,420024567308 1237680478731370838 18,11951
423,788076553155 11,4558043035194 276,385103927889 1237680479267586258 18,04732
423,010268416346 12,3541661356459 275,935245947438 1237680479267586411 17,12943
431,595638508507 12,8658150774609 281,985018174338 1237680479267651822 17,83076
412,699932726403 17,182079019119 269,581807237934 1237680479267848361 17,43828
419,755453312384 17,5294837728054 274,954889112573 1237680479267848720 17,78174
414,163465685093 19,3109560893318 271,628230650573 1237680479267979534 17,13628
412,65061528636 19,3466502318152 270,690105488726 1237680479267979556 17,48279
434,029416336042 20,7451441728383 283,455849806986 1237680479267979603 18,20775
385,182682425154 18,6656406994684 252,934685385285 1237680479267979641 17,52576
428,691096453175 21,2083670043378 280,32200415072 1237680479268045052 17,45263
376,409196521327 8,60167045955164 250,542373759071 1237680479804326258 17,69863
421,021428217496 17,2815619952141 280,904154130703 1237680479804719340 17,62494
417,197153620764 16,2455426549457 278,589158386577 1237680479804719418 17,40378
419,137824859211 8,79833735040965 283,073471540869 1237680502902686058 17,92152
441,329246541886 9,42720906096256 272,474705674462 1237680310155936019 18,26747
435,068963332977 9,80186103726497 267,985016802942 1237680310155936125 17,39921
408,400204618345 11,6647321337544 257,315211289344 1237680310692938135 17,54
387,43023369474 17,3210887321995 248,498607234175 1237680311230136589 17,31147
412,460261226952 20,4300283798706 263,787312647232 1237680311230267527 17,71006
405,526220709291 20,1683755502242 258,566118024434 1237680311230267791 18,60085
384,702137374895 19,4457316730632 245,410933369567 1237680311230267857 18,13735
390,582228060982 19,9884002999776 249,042636664106 1237680311230333233 18,32387
430,461044241277 24,1142786955681 275,114133217859 1237680311230398784 17,39402
417,213030225216 14,2956770501092 270,516547839356 1237680311766811029 18,44591
429,483625213228 20,642020739112 280,17796445197 1237680311767138624 17,8747
387,527110708791 19,8243638613827 240,612175584678 1237680310156525977 17,33681
388,359474598633 20,9234327106415 240,591839813296 1237680310156591396 17,66108
480,49818140726 28,7117365687018 303,031559914095 1237680310693593270 18,21802
386,422613201762 22,4760944915576 243,258377578883 1237680310693593373 17,69395
417,577398070046 25,4597185997117 262,671941099497 1237680310693658867 17,77933
388,699659477797 17,7354223012323 249,26024517686 1237680311230202227 17,37712
385,323626729522 17,9502381277107 246,5607660772 1237680311230202298 18,01765
415,341686066001 25,4895757646315 266,497786245043 1237680311230529917 17,16371
407,131042240162 27,9068961805884 260,331110357125 1237680311230661066 17,58667
416,448470920989 17,0813435144667 270,543709502588 1237680311766941886 17,92923
415,685221758856 16,4242925373354 270,878343259821 1237680311766941982 17,88671
417,293248623011 16,5541244054695 271,940795822415 1237680311766942002 17,36276
445,948045269064 18,391374965071 289,320614810053 1237680311766942146 18,34608
415,290611390691 22,797712235577 270,521836526468 1237680311767269664 18,24972
404,107450176116 13,7441540940533 267,057990673265 1237680312303681700 17,88089
393,886297045298 13,0401248458812 260,407565136604 1237680312303681907 17,60071
393,574215264511 13,0975734872244 259,683602320648 1237680312303681967 17,77232
393,12118811096 18,5168545061352 259,332452979885 1237680312303944136 17,29406
422,387049518765 11,1966662350343 281,992230226598 1237680507190116692 17,89601
455,04623922036 19,5564184598914 309,024039271838 1237680507727380524 18,46364
